9660 6043 9660 6043
-364 9842 -364 9842
-2146 3960 -2146 3960
5840 4525 5840 9944
9071 5077 -7404 5077
1321 6392 1321 6684
-7319 8851 -7319 -3465
-3589 6749 -3589 5524
-781 -7394 -781 -8979
-3010 9631 2284 6016
-337 -2811 2004 -2811
-8306 5200 -8306 5200
-6965 -6057 -6965 2338
5946 -35 5946 -35
3068 -7118 9548 8176
1024 -9170 1024 -9170
-5125 -3822 -8113 3369
-3440 -2612 -3440 -2612
6547 -7370 6547 -7370
-9945 -6930 -9945 -6930
-3730 7218 -6564 -7679
-5915 -2148 -5915 -2148
5348 3916 5348 3916
-4886 -5829 6520 -9481
-8106 9779 -8106 7305
-8547 -9936 -8547 8703
9175 -3975 1921 -542
-6919 6958 7204 6958
-1342 5826 -1551 5826
1117 2383 1117 2383
5010 -3700 5183 4612
-8010 1099 -8010 1099
6221 4141 9265 4141
-4463 -8186 -6583 -8186
6325 -5141 -378 6007
-6891 2949 -6891 -3793
-9958 -6001 7003 6331
7649 3694 7649 3720
-5831 -6689 6555 -6689
-9983 -5582 -9983 -9523
