9999 9999 9999 9999
9999 9999 9999 9993
1234 5678 9876 5432
1528 9152 9637 8848
7164 9431 8027 5644
8102 2659 9278 8825
9297 3903 3420 3402
5168 0377 0687 1070
4711 7469 4089 2755
9999 9999 9999 9993
2864 4558 9661 4700
5275 3772 6096 2247
6707 4642 6172 4377
7548 8961 9206 8467
5168 0377 0687 1075
6905 2624 9896 8034
8373 1831 5759 9391
7945 1309 1349 4231
5336 6155 8507 9924
2981 4683 6084 4896
2545 9298 0262 9427
1809 1325 8893 0184
4525 3786 4644 4093
3402 8560 0328 1092
6191 9040 0454 6977
0023 7955 6851 6289
5128 1352 0443 0194
5127 2009 1754 5543
2816 0915 8173 1145
4988 4392 2436 4355
7914 4420 2215 5351
7591 4313 5571 5559
7556 9536 9814 1497
4789 5495 2769 8293
0941 1074 0442 9560
4701 2004 9672 5956
8934 6111 6764 8040
7241 8870 9373 3689
2615 9488 2858 1579
8210 6066 1482 1544
9999 9999 9999 9999
5093 7179 2989 1018
9999 0431 8367 3311
