9 24 49 | 2 48 | 4 | 20 21 47 31 28 18 14 | 22 16 33 28 43 40 5 | 25 27 48 | 33 9 31 7 16 | 32 44 43 10 49 | 30 40 41
21 28 4 40 41 | 47 45 5 4 21 | 33 21 | 40 | 45 38 14 | 15 44 27 37 28 | 25 39 30 45 42 26 | 10 13 44 14 41 | 10 6 4 40 43 | 23 16 15 40 49 | 11 13 7 35 41
38 29 36 | 3 | 5 20 21 | 23 3 41 42 16 | 24 2 27 33 7 | 18 39 30 50 6 | 24 32 39 27 36 | 32 2 49 | 10 26 20 22 45 6 | 16 | 1 10 39 30 28 | 22
31 | 1 42 2 15 24 | 39 45 13 36 7 | 11 12 14 17 47 41 | 11 32 5 16 | 10 27 21 49 | 18 36
46 21 | 5 37 | 50 41 37 14 16 | 38 48 16 18 31 50 2 | 38 29 | 1 6 36 41 | 23 17 49 | 26 12 48 17 16 | 1 33 31 16 6 | 5 43 | 24 29 7 14 | 18 31 4 7 40 | 27 | 44 40 | 13 20 22 44 9 8 | 45 | 46 26 | 1 18 12 5 47 | 25 26 21 17 16 | 25 12 45 17 41
26 14 48 7 | 25 31 45 5 8 | 31 7 | 43 | 18 42 4 17
24 47 | 1 37 50 22 | 20 | 10 39 46 30 28 19 4 | 15 8 30 42 40 | 45 22 | 46 | 1 25 16 49 | 12 15 | 46 44 13 17 36 | 11 27 14 28 50 3 6 | 19 | 20 14 42 28 43 2 5 | 1 28 44 15 48 | 25 21 17 49 46 23 43
24 27 42 7 40 | 6 42 16 | 11 27 29 | 33 8 20 4 10 | 39 48 47 44 1 3 | 37 30 15 7 49 | 29 22 6
2 12 7 | 21 19 31 1 2 9 | 26 30 15 16 | 37 7 49 | 13 28 41 3 8 34 | 12 20 22 16 47 37 | 15 2 5 4 10 | 26 49 44 30 41 7 | 2 17 | 44 | 42 23 15 50 41 | 39 21 46 40 41 1 | 31 27 28 4 23 | 10 2 14 17 | 11 10 13 2 14 | 6 | 12 43 | 3 | 25
37 42 32 | 23 19 31 40 3 8 | 34 | 46 3 | 14 | 22 33 45 42 1 5 | 31 15 29 35 | 1 5 3 42 50 | 8 26 21 | 24 19 31 36 7 | 38 48 16 47 50 35 6 | 13 27 49 47 44 42 12 | 41 34 | 24 37 15 43 21 | 26 45 | 30 21 22 43 | 27 44 23 15 34 | 10 30 4
33 34 4 40 21 | 19 32 31 41 | 27 45 15 | 20 4 | 18 3 29 | 18 13 36 | 46 8 28 14
17 | 1 38 40 | 47 26 6 | 22 49 19 32 31 4 | 19 47 40 7 | 9 46 42 29 | 50 14 | 15 | 25 27 21 33 42 36 | 9 8 39 27 49 | 19 25 31 3 6 | 12 4 7 | 19 14 48 34 | 28 17 | 15 36 | 24 10 21 45 42 36 | 13 23 19 31 28 2 44 | 25 14 28 40 2 7 21 | 15 49
24 17 31 45 35 6 | 29 4 | 27 20 32 29 40 7 | 15 22 34 | 11 39 38 19 29 34 50 | 33 3 37 39 | 46 3 45 17 40 | 38 21 22 19 42 34 1 | 25 38 15 40 3 2 8 | 25 20 21 29 34 2 | 25 13 12 20 39 36 2 | 25 44 4 48 | 27 12 22 41 | 33 38 29 | 34 50 35 41 | 47 38 42 35 | 19 25 44 17 | 12 | 31 42 | 27 16 15 49 41
18 37 | 21 14 48 16 | 25 27 17 22 45 21 | 1 33 49 | 2 36 17 | 39 12 5 | 25 42 14 | 19 9 | 25 22 23 | 38 14 22 | 20 15 41 | 13 15 21 19 30 28 26 | 29 | 19 42 50 | 33 47 37 6 | 33 31 27 14 29
39 21 30 42 34 1 6 | 11 9 30 43 | 13 6 | 26 21 49 33 23 2 | 46 29 4 | 27 | 5 29 40 | 26 5 43 17 | 25 5 18 | 20 21 22 49 46 3 | 47 36 8 17 34 | 46 47 | 11 | 13 46 37 31 28 43 2 | 1 31 27 | 37 17 49 | 35 | 42 | 24 46 | 10
48 | 12 18 44 30 9 8 | 26 49 46 18 2 7 6 | 25 20 17 29 7 6 | 26 16 | 25 2 | 15 43 22 | 17 | 1
47 27 | 46 | 19 8 1 42 | 46 39 20 4 | 39 19 26 1 2 6 | 15 34 | 8 | 25 19 18 44 5 7 | 44 37 29 7 | 50 34 | 25 14 35
13 27 17 | 22 49 46 43 41 8 | 47 12 | 32 44 30 8 | 3 2 15 | 11 44 30 39 | 24 13 32 29 41 2 4 | 2 48 | 9 35 | 11 15 48 42 40 2 9 | 37 | 32 26 37 29 17 | 15 22 37 35 5 7 | 38 | 19 45 37 22 41 | 26 14 44 43 41 5 | 9 34 15 35 49 | 21 46 31 33 3 44
16 19 47 37 29 46 | 40 49 | 23 42 29 35 34 41 | 34 | 43 23 48 22 6 | 6 | 43 | 11 46 35 34 5 41 | 11 39 14 23 33 18 29
44 5 21 22 | 11 25 33 18 37 46 6 | 41 | 44 | 24 27 16 33 31 4 | 6 | 39 44 5 50 | 13 27 19 32 7 6 | 21 16 30 35 1 40
44 28 14 | 37 | 11 44 20 22 | 26 21 | 38 22 49 18 45 40 32 | 39 27 16 46 32 1 47 | 25 26 15 14 45 6 | 15 13 28 22 34 | 31 44 3 14 41 | 13 36 | 46 4 7 16 | 9 | 12 30 37 36 6 | 13 27 21 17 33 47 2 | 24 33 2 36 48 | 23 46 31 28 29 7 8 | 11 38 14 31 28 50 41
9 41 | 10 | 20 47 28 35 34 | 24 3 45 35 22 | 11 18 12 | 16 30 42 40 35 9 | 30 14 17 45 41 12 | 27 16 28 29 50 1 7 | 50 | 49 19 29 40 2 7 | 44 12 15 50 | 12 45 4 7 41 | 2 38 | 47 37 | 11 15 36 48 | 27 49 40 6 | 20 | 12 17 46 18 30 27 | 19 28 43 40 7 | 32 48
1 19 26 | 44 39 | 38 | 8 5 42 36 | 44 5 4 3 | 46 10 2 21 | 3 27 50 49 | 24 25 13 17 32 34 2 | 24 39 16 32 41 3 5 | 20 12 37 17 | 8 23 2 34 | 42 | 19 9 44 | 10 3 20 | 13 15 22 17 49 6 | 11 38 23 47 31 45 41 | 10 14 48 23 18 2 | 8 13
11 8 12 17 | 26 20 7 | 24 11 21 10 32 35 5 | 21 17 32 45 28 43 34 | 19 45 42 7 34 | 30 36 17 34 | 31 48 34 | 10 13 15 33 45 41 | 12 39 30 50 | 3 21 40 36 | 25 30 50 47 | 19 33 26 | 20 22 17 19 28 43 | 25 12 32 37 2 5 4 | 34 | 31 5 | 28 | 46 45 43 16 | 33 46 6 48 24 | 10 20 21 48 16 29 9
26 27 17 50 35 2 4 | 24 33 32 44 50 2 | 20 21 48 31 45 3 | 19 4 | 17 | 19 15 36 | 24 15 31 37 36 20 | 27 45 4 | 32 14 35 16 | 14 45 35 17 49 | 24 32 26 2 23 | 24 5 49 | 46 10 | 27 48 17 46 40 3 | 11 1 13 16 | 38 48 17 49 23 30 | 38 15 22 47 35 5 | 44 | 24 12 15 47 42 43 38 | 15 20 37 50
33 9 30 47 16 | 38 23 36 29 4 8 | 33 10 37 43 32 | 38 32 45 36 7 47 | 20 18 44 30 50 5 9 | 11 14 | 11 46 31 45 20 | 31 38
38 16 46 47 5 7 | 20 | 39 12 18 41 3 27 | 21 7 | 24 26 18 44 29 36 | 44 14 35 16 | 26 30 20 4 49 | 18 45 4 47 | 26 15 14 | 42 26 15 4 44 | 33 26 12 15 14 | 32 28 29 8 | 26 38 14 16 32 29 6 | 23 | 18 26 12 22 34 | 12 36 7
1 20 48 17 34 | 50 31 14 36 | 8 16 28 22 10 | 27 44 2 50 | 17 30 50 40 1 5 | 23 | 25 6 40 32 47 | 24 47 3 2 43 | 13 22 48 49 33 32 | 25 12 45 | 10 26 15 31 37 39 | 33 32 17 | 47 34 5 8 | 33 31 20 | 12 28 36 35 | 33 47 27 20 | 9 37 | 25
13 27 15 32 35 34 40 | 16 33 44 30 3 7 | 29 | 28 | 2 | 30 15 48 | 44 50 | 33 25 13 45 | 31 20 | 7 | 27 20 47 30 1 8 | 3 45 35 6 | 1 38 14 4 | 11 47 39 26 23 | 1 8 13 5 50 | 5 50 40 21 | 13 12 32 3 2 7 | 32 20 22 6 | 12 | 44 37 26 34
46 28 42 17 | 18 31 28 36 40 34 4 | 46 48 16 | 15 16 42 31 45 37 9 | 9 18 34 50 41 | 24 22 48 31 30 29 4 | 33 | 18 31 10 | 37 40 34
15 6 | 15 14 17 | 4 48 41 | 9 18 22 | 37 41 | 33 13 37 34 | 24 | 24 27 48 47 30 34 | 14 | 19 36 14 | 11 47 31 27 23
1 25 45 48 47 | 12 | 26 14 32 41 4 6 | 12 21 48 47 29 38 8 | 1 31 2 43 44 | 38 37 42 43 50 4 | 26 38 15 49 16 7 | 46 45 | 30 33 32 45 42 29 5 | 44 29 41 1 3 6
17 37 35 41 5 40 | 23 | 3 13 | 12 21 49 44 16 5 | 1 | 27 46 40 41 3 38 | 25 38 10 42 41 4 9 | 46 26 14 6 | 1 | 13 20 31 42 43 40 7 | 24 8
12 15 22 49 50 9 | 20 21 49 33 18 44 15 | 9 6 30 4 38 | 48 34 | 24 48 49 | 21 16 46 32 30 50 5 | 23 | 24 10 27 43 19 | 10 32 5 21 47 | 39 46 18 45 26 33 6 | 35 44 5 50 7 | 11 47 9 19 | 9 10 17 | 27 23 | 11 24 26 22 | 17
47 39 5 14 29 | 45 29 22 | 46 44 27 13 45 | 44 22 | 37 5 17 35 | 8 26 | 9 20 | 25 18 31 36 40 2 8 | 13 14 6 | 50 35 16 | 44 35 | 42 45 20 6 | 25 16 45 40 4 6 | 46 | 31 | 10 13 21 36 4 7 8 | 24 44 20 29 40 | 32 15 21 17 10 | 25 20 22 31 43 41
6 | 24 10 26 49 37 8 | 11 3 12 29 | 47 37 | 1 34 | 11 18 | 32 13 37 6 | 39 50 | 10 47 36 41 1 4 7
12 15 32 29 1 7 9 | 1 23 | 13 30 31 | 10 38 | 44 29 | 4 48 | 27 49 33 42 28 6 | 38
18 23 5 20 6 | 50 | 24 48 23 | 2 8 45 21 | 19 8 12 28 50 | 34 14 41 | 25 26 15 30 36 29 3 | 19 11 43 | 27 45 37 36 40 43 | 19 13 38 | 28 | 24 43 | 39 50 48 34 | 1 47 16 43 33
19 11 | 19 21 23 | 31 39 29
22 41 | 8 37 48 | 16 36 22 4 | 42 34 | 26 38 28 37 3 5 | 24 20 14 28 43 5 | 43 | 27 15 17 22 19 34 | 27 15 17 23 35 41 7
